[s.jpg]
filters=retouch=1;
moddate=3e17e3f2a11fd701
width=701
height=782
textactive=0
[s.1.jpg]
filters=retouch=1;
moddate=7120ee26a21fd701
width=701
height=782
text=1;142;17;e.store@gmail.com;Bodoni MT;0.209110,0.683587,0.048146,0.000000;v1,4282652784,4288096182,128.000000,1.000000,0.345794,0.691406,400,2,49152;;
textactive=1
